Version 0.9.7
5
 4 10 175 77 128 0 1
 5 80 400 206 81 2 2
 0 130 128 877 276 8 3
 3 186 40 203 58 140 4
 1 151 438 206 81 149 5
 0
36
 0 5 71 288 71 288 73 288 73 507 166 507 166 507 0 1 0 5
 0 5 71 275 71 275 73 275 73 389 183 389 183 389 0 1 0 3
 0 5 71 262 95 262 95 79 197 79 197 77 197 77 0 1 0 4
 255 5 71 189 71 189 71 142 71 142 183 142 183 142 0 1 0 3
 255 5 71 202 71 202 109 202 109 449 166 449 166 449 0 1 0 5
 33023 5 235 285 235 285 235 285 248 285 248 285 248 285 0 3 0 3
 33023 5 235 298 235 298 235 298 261 298 261 298 261 298 0 3 0 3
 33023 5 261 324 267 324 267 212 625 212 625 233 625 233 0 3 0 3
 33023 5 261 337 255 337 255 200 638 200 638 233 638 233 0 3 0 3
 33023 5 248 337 248 337 248 349 625 349 625 337 625 337 0 3 0 3
 33023 5 248 324 242 324 242 356 443 356 443 337 443 337 0 3 0 3
 33023 5 235 337 235 337 230 337 230 411 340 411 340 449 0 3 0 5
 33023 5 235 324 217 324 217 239 456 239 456 233 456 233 0 3 0 3
 33023 5 235 311 229 311 229 227 443 227 443 233 443 233 0 3 0 3
 255 5 261 142 261 142 261 142 261 194 261 194 261 194 0 3 0 3
 255 5 417 142 417 142 417 142 417 298 430 298 430 298 0 3 0 3
 255 5 430 142 430 142 430 142 430 194 430 194 430 194 0 3 0 3
 255 5 599 142 599 142 600 142 600 298 612 298 612 298 0 3 0 3
 255 5 612 142 612 142 612 142 612 194 612 194 612 194 0 3 0 3
 8388863 5 321 449 321 449 321 441 495 441 495 233 495 233 0 5 0 3
 8388863 5 264 449 264 449 264 436 508 436 508 233 508 233 0 5 0 3
 8388863 5 226 449 226 449 226 432 521 432 521 233 521 233 0 5 0 3
 8388863 5 207 449 207 449 207 464 703 464 703 233 703 233 0 5 0 3
 8388863 5 245 449 245 449 245 468 690 468 690 233 690 233 0 5 0 3
 8388863 5 302 449 302 449 302 460 677 460 677 233 677 233 0 5 0 3
 16777088 5 274 298 282 298 282 305 451 305 451 298 456 298 0 3 0 3
 255 5 950 142 950 142 950 142 950 155 950 155 950 155 0 3 0 3
 0 5 950 389 950 389 950 389 950 376 950 376 950 376 0 3 0 3
 0 5 339 376 339 376 339 376 339 337 339 337 339 337 0 3 0 3
 0 5 469 376 469 376 469 376 469 337 469 337 469 337 0 3 0 3
 0 5 482 376 482 376 483 376 483 233 482 233 482 233 0 3 0 3
 0 5 664 376 664 376 664 376 664 376 664 233 664 233 0 3 0 3
 0 5 651 376 651 376 651 376 651 337 651 337 651 337 0 3 0 3
 16776960 5 274 324 274 324 274 316 638 316 638 298 638 298 0 3 0 3
 12632256 5 664 298 664 298 664 101 352 101 352 84 352 84 0 3 0 4
 12632256 5 482 298 482 298 482 84 482 84 372 84 372 84 0 3 0 4
3
 7004 1 14 255 246 5 0 80551480 18719184 3
 7151 1 16 424 246 5 0 80551912 18719184 3
 7151 1 16 606 246 5 0 80551848 18719184 3
